function LF_no_mu = final_cost_no_mu(in1)
%FINAL_COST_NO_MU
%    LF_NO_MU = FINAL_COST_NO_MU(IN1)

%    This function was generated by the Symbolic Math Toolbox version 8.2.
%    28-Apr-2022 23:35:02

q2 = in1(2,:);
q3 = in1(3,:);
q4 = in1(4,:);
q5 = in1(5,:);
q6 = in1(6,:);
q7 = in1(7,:);
qd1 = in1(8,:);
qd2 = in1(9,:);
qd3 = in1(10,:);
qd4 = in1(11,:);
qd5 = in1(12,:);
qd6 = in1(13,:);
qd7 = in1(14,:);
t2 = q2.*(2.5e1./2.0);
t3 = qd1-1.0./2.0;
t4 = pi.*(1.3e1./2.0e1);
t5 = q5+t4;
t6 = qd3.^2;
t7 = qd4.^2;
t8 = qd5.^2;
t9 = qd1.*2.5e2;
t10 = t9-1.25e2;
t11 = t3.*t10;
t12 = qd2.*2.0e2;
t13 = t12-2.0e2;
t14 = qd2-1.0;
t15 = t13.*t14;
t16 = q3.*1.25e2;
t17 = pi.*(3.0./5.0);
t18 = q5.*1.25e2;
t19 = pi.*7.5e1;
t33 = pi.*(7.0./2.0e1);
t20 = q4-t33;
t21 = q4.*1.25e2;
t34 = pi.*(1.75e2./4.0);
t22 = t21-t34;
t23 = t20.*t22;
t24 = q6.*1.25e2;
t25 = q7.*1.25e2;
t26 = t6.*(5.0./2.0);
t27 = qd6.^2;
t28 = qd7.^2;
t29 = qd2+1.0;
t30 = pi./2.5e1;
t31 = q3+t30;
t32 = pi.*(7.0./1.0e1);
t35 = pi.*(3.25e2./4.0);
t36 = t7.*2.0e2;
t37 = t8.*2.0e2;
t38 = t27.*2.0e2;
t39 = t28.*2.0e2;
LF_no_mu = [t11+t15+t23+t26+t36+t37+(q2+1.432e-1).*(t2+1.79e2./1.0e2)+t5.*(t18+t35)+t31.*(t16+pi.*5.0)+(q6-pi.*(7.0./2.0e1)).*(t24-pi.*(1.75e2./4.0))+(q7+t17).*(t19+t25);t6./4.0+t7.*2.0e1+t8.*2.0e1+t27.*2.0e1+t28.*2.0e1+(q2+1.791e-1).*(t2+2.23875)+t29.*(qd2.*(5.0./2.0)+5.0./2.0)+t3.*(qd1.*2.5e1-2.5e1./2.0)+(q7+t32).*(q7.*(2.5e1./2.0)+pi.*(3.5e1./4.0))+t5.*(q5.*(2.5e1./2.0)+pi.*(6.5e1./8.0))+(q6-pi.*(3.0./1.0e1)).*(q6.*(2.5e1./2.0)-pi.*(1.5e1./4.0))+(q3-pi./3.5e1).*(q3.*2.0e1-pi.*(4.0./7.0))+(q4-pi.*(1.1e1./5.0e1)).*(q4.*(2.5e1./2.0)-pi.*(1.1e1./4.0));t11+t15+t23+t26+t38+t39+(q2+1.831e-1).*(t2+2.28875)+(q3+pi./4.0e1).*(t16+pi.*(2.5e1./8.0))+(q6-pi.*(3.3e1./1.0e2)).*(t24-pi.*(1.65e2./4.0))+(q7+pi.*(3.0./4.0)).*(t25+pi.*(3.75e2./4.0))+(q5+t17).*(t18+t19);t11+t23+t26+t36+t37+t38+t39+(q2+1.785e-1).*(t2+3.57e2./1.6e2)+t29.*(qd2.*2.5e1+2.5e1)+(q5+t32).*(t18+pi.*(1.75e2./2.0))+(q6-pi./4.0).*(t24-pi.*(1.25e2./4.0))+t31.*(q3.*2.0e2+pi.*8.0)+(q7+t4).*(t25+t35)];
