function LF_no_mu = final_cost_no_mu(in1)
%FINAL_COST_NO_MU
%    LF_no_mu = FINAL_COST_NO_MU(IN1)

%    This function was generated by the Symbolic Math Toolbox version 9.2.
%    19-Dec-2022 21:01:41

q2 = in1(2,:);
q3 = in1(3,:);
q4 = in1(4,:);
q5 = in1(5,:);
q6 = in1(6,:);
q7 = in1(7,:);
qd1 = in1(8,:);
qd2 = in1(9,:);
qd3 = in1(10,:);
qd4 = in1(11,:);
qd5 = in1(12,:);
qd6 = in1(13,:);
qd7 = in1(14,:);
t2 = qd2+1.0;
t3 = qd3.^2;
t4 = qd4.^2;
t5 = qd5.^2;
t6 = qd6.^2;
t7 = qd7.^2;
t8 = qd2-1.0;
t9 = pi.*(3.0./5.0);
t10 = pi.*7.5e+1;
t11 = q3.*1.25e+2;
t12 = q4.*1.25e+2;
t13 = q5.*1.25e+2;
t14 = q6.*1.25e+2;
t15 = q7.*1.25e+2;
t16 = qd2.*2.0e+2;
t17 = qd1.*2.5e+2;
t18 = pi.*(7.0./1.0e+1);
t19 = pi./2.5e+1;
t20 = pi.*(7.0./2.0e+1);
t21 = q2.*(2.5e+1./2.0);
t22 = qd1-1.0./2.0;
t29 = pi.*(1.3e+1./2.0e+1);
t30 = pi.*(1.75e+2./4.0);
t31 = pi.*(3.25e+2./4.0);
t23 = t3.*(5.0./2.0);
t24 = t4.*2.0e+2;
t25 = t5.*2.0e+2;
t26 = t6.*2.0e+2;
t27 = t7.*2.0e+2;
t28 = -t20;
t32 = q3+t19;
t33 = -t30;
t35 = q5+t29;
t36 = t17-1.25e+2;
t37 = t8.*2.0e+2;
t34 = q4+t28;
t38 = t12+t33;
t39 = t8.*t37;
t40 = t22.*t36;
t41 = t34.*t38;
mt1 = [t23+t24+t25+t39+t40+t41+(q2+1.432e-1).*(t21+1.79e+2./1.0e+2)+t35.*(t13+t31)+t32.*(t11+pi.*5.0)+(q7+t9).*(t10+t15)+(q6+t28).*(t14+t33)];
mt2 = [t3./4.0+t4.*2.0e+1+t5.*2.0e+1+t6.*2.0e+1+t7.*2.0e+1+(q2+1.791e-1).*(t21+2.23875)+t2.*(qd2.*(5.0./2.0)+5.0./2.0)+t22.*(qd1.*2.5e+1-2.5e+1./2.0)+(q7+t18).*(q7.*(2.5e+1./2.0)+pi.*(3.5e+1./4.0))+t35.*(q5.*(2.5e+1./2.0)+pi.*(6.5e+1./8.0))+(q6-pi.*(3.0./1.0e+1)).*(q6.*(2.5e+1./2.0)-pi.*(1.5e+1./4.0))+(q3-pi./3.5e+1).*(q3.*2.0e+1-pi.*(4.0./7.0))+(q4-pi.*(1.1e+1./5.0e+1)).*(q4.*(2.5e+1./2.0)-pi.*(1.1e+1./4.0))];
mt3 = [t23+t26+t27+t39+t40+t41+(q2+1.831e-1).*(t21+2.28875)+(q3+pi./4.0e+1).*(t11+pi.*(2.5e+1./8.0))+(q6-pi.*(3.3e+1./1.0e+2)).*(t14-pi.*(1.65e+2./4.0))+(q7+pi.*(3.0./4.0)).*(t15+pi.*(3.75e+2./4.0))+(q5+t9).*(t10+t13);t23+t24+t25+t26+t27+t40+t41+(q2+1.785e-1).*(t21+3.57e+2./1.6e+2)+(q5+t18).*(t13+pi.*(1.75e+2./2.0))+(q6-pi./4.0).*(t14-pi.*(1.25e+2./4.0))+t32.*(q3.*2.0e+2+pi.*8.0)+t2.^2.*2.5e+1+(q7+t29).*(t15+t31)];
LF_no_mu = [mt1;mt2;mt3];
