function LF_no_mu = final_cost_no_mu(in1)
%FINAL_COST_NO_MU
%    LF_NO_MU = FINAL_COST_NO_MU(IN1)

%    This function was generated by the Symbolic Math Toolbox version 8.2.
%    01-Feb-2022 20:03:27

q2 = in1(2,:);
q3 = in1(3,:);
q4 = in1(4,:);
q5 = in1(5,:);
q6 = in1(6,:);
q7 = in1(7,:);
qd1 = in1(8,:);
qd2 = in1(9,:);
qd3 = in1(10,:);
qd4 = in1(11,:);
qd5 = in1(12,:);
qd6 = in1(13,:);
qd7 = in1(14,:);
t2 = qd1-1.0./2.0;
t3 = pi.*(1.3e1./2.0e1);
t4 = q5+t3;
t5 = qd3.^2;
t6 = qd4.^2;
t7 = qd5.^2;
t8 = qd2-1.0;
t9 = pi.*(3.0./5.0);
t28 = pi.*(7.0./2.0e1);
t10 = q4-t28;
t11 = pi.*(1.75e2./2.0);
t12 = qd6.^2;
t13 = qd7.^2;
t14 = q2.*1.25e2;
t15 = qd2.*2.5e1;
t16 = t15+2.5e1;
t17 = qd2+1.0;
t18 = t16.*t17;
t19 = qd1.*2.5e2;
t20 = t19-1.25e2;
t21 = t2.*t20;
t22 = pi./2.5e1;
t23 = q3+t22;
t24 = q3.*2.0e2;
t25 = q6.*1.25e2;
t26 = pi.*(7.0./1.0e1);
t27 = q5.*1.25e2;
t29 = q4.*1.25e2;
t30 = q7.*1.25e2;
t31 = pi.*(3.25e2./4.0);
t32 = t5.*(5.0./2.0);
t33 = t6.*2.0e2;
t34 = t7.*2.0e2;
t35 = t12.*2.0e2;
t36 = t13.*2.0e2;
LF_no_mu = [t5.*1.0e1+t6.*8.0e2+t7.*8.0e2+t2.*(qd1.*1.0e3-5.0e2)+t8.*(qd2.*8.0e2-8.0e2)+(q2.*5.0e2+3.58e2./5.0).*(q2+1.432e-1)+(q7+t9).*(q7.*5.0e2+pi.*3.0e2)+t23.*(q3.*5.0e2+pi.*2.0e1)+t10.*(q4.*5.0e2-pi.*1.75e2)+t4.*(q5.*5.0e2+pi.*3.25e2)+(q6-pi.*(7.0./2.0e1)).*(q6.*5.0e2-pi.*1.75e2);t18+t21+t32+t33+t34+t35+t36+(q2+1.791e-1).*(t14+2.23875e1)+t4.*(t27+t31)+(q3-pi./3.5e1).*(t24-pi.*(4.0e1./7.0))+(q6-pi.*(3.0./1.0e1)).*(t25-pi.*(7.5e1./2.0))+(q4-pi.*(1.1e1./5.0e1)).*(t29-pi.*(5.5e1./2.0))+(q7+t26).*(t11+t30);t5.*5.0+t12.*4.0e2+t13.*4.0e2+t2.*(qd1.*5.0e2-2.5e2)+t8.*(qd2.*4.0e2-4.0e2)+(q2.*2.5e2+4.5775e1).*(q2+1.831e-1)+(q5+t9).*(q5.*2.5e2+pi.*1.5e2)+(q3+pi./4.0e1).*(q3.*2.5e2+pi.*(2.5e1./4.0))+(q6-pi.*(3.3e1./1.0e2)).*(q6.*2.5e2-pi.*(1.65e2./2.0))+(q7+pi.*(3.0./4.0)).*(q7.*2.5e2+pi.*(3.75e2./2.0))+t10.*(q4.*2.5e2-t11);t18+t21+t32+t33+t34+t35+t36+(q2+1.785e-1).*(t14+3.57e2./1.6e1)+t23.*(t24+pi.*8.0)+t10.*(t29-pi.*(1.75e2./4.0))+(q6-pi./4.0).*(t25-pi.*(1.25e2./4.0))+(q5+t26).*(t11+t27)+(q7+t3).*(t30+t31)];
