function LF_no_mu = final_cost_no_mu(in1)
%FINAL_COST_NO_MU
%    LF_NO_MU = FINAL_COST_NO_MU(IN1)

%    This function was generated by the Symbolic Math Toolbox version 8.2.
%    08-Feb-2022 17:19:14

q2 = in1(2,:);
q3 = in1(3,:);
q4 = in1(4,:);
q5 = in1(5,:);
q6 = in1(6,:);
q7 = in1(7,:);
qd1 = in1(8,:);
qd2 = in1(9,:);
qd3 = in1(10,:);
qd4 = in1(11,:);
qd5 = in1(12,:);
qd6 = in1(13,:);
qd7 = in1(14,:);
t2 = qd1-1.0./2.0;
t3 = pi.*(1.3e1./2.0e1);
t4 = q5+t3;
t5 = qd3.^2;
t6 = qd4.^2;
t7 = qd5.^2;
t8 = qd2-1.0;
t9 = pi.*(3.0./5.0);
t27 = pi.*(7.0./2.0e1);
t10 = q4-t27;
t11 = pi.*(3.5e1./4.0);
t12 = qd6.^2;
t13 = qd7.^2;
t14 = qd2.*(5.0./2.0);
t15 = t14+5.0./2.0;
t16 = qd2+1.0;
t17 = t15.*t16;
t18 = qd1.*2.5e1;
t19 = t18-2.5e1./2.0;
t20 = t2.*t19;
t21 = pi./2.5e1;
t22 = q3+t21;
t23 = q3.*2.0e1;
t24 = q6.*(2.5e1./2.0);
t25 = pi.*(7.0./1.0e1);
t26 = q5.*(2.5e1./2.0);
t28 = q4.*(2.5e1./2.0);
t29 = q7.*(2.5e1./2.0);
t30 = pi.*(6.5e1./8.0);
t31 = t5./4.0;
t32 = t6.*2.0e1;
t33 = t7.*2.0e1;
t34 = t12.*2.0e1;
t35 = t13.*2.0e1;
LF_no_mu = [t5+t6.*8.0e1+t7.*8.0e1+t2.*(qd1.*1.0e2-5.0e1)+t8.*(qd2.*8.0e1-8.0e1)+(q2.*5.0+1.79e2./2.5e2).*(q2+1.432e-1)+(q7+t9).*(q7.*5.0e1+pi.*3.0e1)+t22.*(q3.*5.0e1+pi.*2.0)+t10.*(q4.*5.0e1-pi.*(3.5e1./2.0))+t4.*(q5.*5.0e1+pi.*(6.5e1./2.0))+(q6-pi.*(7.0./2.0e1)).*(q6.*5.0e1-pi.*(3.5e1./2.0));t17+t20+t31+t32+t33+t34+t35+t4.*(t26+t30)+(q2.*(2.5e1./2.0)+2.23875).*(q2+1.791e-1)+(q6-pi.*(3.0./1.0e1)).*(t24-pi.*(1.5e1./4.0))+(q3-pi./3.5e1).*(t23-pi.*(4.0./7.0))+(q4-pi.*(1.1e1./5.0e1)).*(t28-pi.*(1.1e1./4.0))+(q7+t25).*(t11+t29);t5./2.0+t12.*4.0e1+t13.*4.0e1+t2.*(qd1.*5.0e1-2.5e1)+t8.*(qd2.*4.0e1-4.0e1)+(q2.*(5.0./2.0)+4.5775e-1).*(q2+1.831e-1)+(q5+t9).*(q5.*2.5e1+pi.*1.5e1)+(q3+pi./4.0e1).*(q3.*2.5e1+pi.*(5.0./8.0))+(q7+pi.*(3.0./4.0)).*(q7.*2.5e1+pi.*(7.5e1./4.0))+(q6-pi.*(3.3e1./1.0e2)).*(q6.*2.5e1-pi.*(3.3e1./4.0))+t10.*(q4.*2.5e1-t11);t17+t20+t31+t32+t33+t34+t35+t22.*(t23+pi.*(4.0./5.0))+t10.*(t28-pi.*(3.5e1./8.0))+(q2.*(5.0./4.0)+2.23125e-1).*(q2+1.785e-1)+(q6-pi./4.0).*(t24-pi.*(2.5e1./8.0))+(q5+t25).*(t11+t26)+(q7+t3).*(t29+t30)];
