function l = running_cost(in1,in2,in3)
%RUNNING_COST
%    L = RUNNING_COST(IN1,IN2,IN3)

%    This function was generated by the Symbolic Math Toolbox version 9.2.
%    19-Dec-2022 21:01:40

q2 = in1(2,:);
q3 = in1(3,:);
q4 = in1(4,:);
q5 = in1(5,:);
q6 = in1(6,:);
q7 = in1(7,:);
qd1 = in1(8,:);
qd2 = in1(9,:);
qd3 = in1(10,:);
qd4 = in1(11,:);
qd5 = in1(12,:);
qd6 = in1(13,:);
qd7 = in1(14,:);
u1 = in3(1,:);
u2 = in3(2,:);
u3 = in3(3,:);
u4 = in3(4,:);
y1 = in2(1,:);
y2 = in2(2,:);
t2 = qd2+1.0;
t3 = qd3.^2;
t4 = qd4.^2;
t5 = qd5.^2;
t6 = qd6.^2;
t7 = qd7.^2;
t8 = u1.^2;
t9 = u2.^2;
t10 = u3.^2;
t11 = u4.^2;
t12 = y1.^2;
t13 = qd2-1.0;
t14 = pi.*(3.0./5.0);
t15 = pi.*(7.0./1.0e+1);
t16 = pi./2.5e+1;
t17 = pi.*(7.0./2.0e+1);
t18 = q3./2.0e+1;
t19 = q4./2.0e+1;
t20 = q5./2.0e+1;
t21 = q6./2.0e+1;
t22 = q7./2.0e+1;
t23 = qd2./2.0e+1;
t24 = qd1.*(2.0./2.5e+1);
t25 = qd2./5.0e+1;
t26 = qd1-1.0./2.0;
t27 = y2./1.0e+1;
t29 = pi.*(1.3e+1./2.0e+1);
t30 = pi.*(3.0./1.0e+2);
t31 = pi.*(3.0./2.0e+2);
t32 = pi.*(7.0./2.0e+2);
t33 = pi.*(7.0./4.0e+2);
t34 = pi./5.0e+2;
t35 = q2./2.0e+2;
t38 = pi.*(1.3e+1./4.0e+2);
t61 = y2-1.336824e+1;
t28 = -t17;
t36 = q3+t16;
t37 = -t33;
t40 = q5+t29;
t41 = t25+1.0./5.0e+1;
t42 = t4./1.0e+4;
t43 = t5./1.0e+4;
t44 = t6./1.0e+4;
t45 = t7./1.0e+4;
t46 = t12./1.0e+4;
t47 = t23-1.0./2.0e+1;
t48 = t24-1.0./2.5e+1;
t49 = t3./1.0e+5;
t50 = t8./1.0e+5;
t51 = t9./1.0e+5;
t52 = t10./1.0e+5;
t53 = t11./1.0e+5;
t54 = t18+t34;
t62 = t27-1.336824;
t39 = q4+t28;
t55 = t19+t37;
t56 = (t2.*t41)./1.0e+3;
t57 = (t13.*t47)./1.0e+3;
t58 = (t26.*t48)./1.0e+3;
t59 = (t36.*t54)./1.0e+3;
t63 = (t61.*t62)./1.0e+3;
t60 = (t39.*t55)./1.0e+3;
mt1 = [t4./5.0e+3+t5./5.0e+3+t8./2.0e+4+t9./2.0e+5+t10./1.0e+6+t11./1.0e+6+t46+t49+t57+t58+t59+t63+((q2./2.0e+1+7.16e-3).*(q2+1.432e-1))./1.0e+3+(t39.*(q4./5.0e+1-pi.*(7.0./1.0e+3)))./1.0e+3+(t40.*(q5./5.0e+1+pi.*(1.3e+1./1.0e+3)))./1.0e+3+((q7+t14).*(t22+t30))./1.0e+3+((q6+t28).*(t21+t37))./1.0e+3];
mt2 = [t42+t43+t44+t45+t49+t50+t51+t52+t53+t56+t58+((q2+1.791e-1).*(t35+8.955e-4))./1.0e+3+(t40.*(t20+t38))./1.0e+3+((q3-pi./3.5e+1).*(t18-pi./7.0e+2))./1.0e+3+((q4-pi.*(1.1e+1./5.0e+1)).*(t19-pi.*(1.1e+1./1.0e+3)))./1.0e+3+((q6-pi.*(3.0./1.0e+1)).*(t21-t31))./1.0e+3+((q7+t15).*(t22+t32))./1.0e+3];
mt3 = [t6./5.0e+3+t7./5.0e+3+t8./1.0e+6+t9./1.0e+6+t10./2.0e+4+t11./2.0e+4+t46+t49+t57+t58+t60+t63+((q2+1.831e-1).*(t35+9.155e-4))./1.0e+3+((q3+pi./4.0e+1).*(t18+pi./8.0e+2))./1.0e+3+((q7+pi.*(3.0./4.0)).*(q7./5.0e+1+t31))./1.0e+3+((q6-pi.*(3.3e+1./1.0e+2)).*(q6./5.0e+1-pi.*6.6e-3))./1.0e+3+((q5+t14).*(t20+t30))./1.0e+3];
mt4 = [t42+t43+t44+t45+t49+t50+t51+t52+t53+t56+t58+t59+t60+((q2+1.785e-1).*(t35+8.925e-4))./1.0e+3+((q6-pi./4.0).*(t21-pi./8.0e+1))./1.0e+3+((q5+t15).*(t20+t32))./1.0e+3+((q7+t29).*(t22+t38))./1.0e+3];
l = [mt1;mt2;mt3;mt4];
